name = 'Blue Resort'
version = '1.0'
author = 'Danke'
description = ('Conversion of the level from Bomberman 64')
extensions = {
     'water_damage' : 100,
     'arena': True,
     'arena_blue_spawn' : (247, 282, 47),
     'arena_green_spawn' : (345, 244, 17),
     'arena_gates': ((251, 285, 46), (250, 285, 46), (249, 285, 46), (248, 285, 46), (247, 285, 46), (246, 285, 46), (245, 285, 46), (244, 285, 46), (243, 285, 46), (243, 284, 46), (243, 283, 46), (243, 282, 46), (243, 281, 46), (243, 280, 46), (243, 279, 46), (244, 279, 46), (245, 279, 46), (246, 279, 46), (247, 279, 46), (248, 279, 46), (249, 279, 46), (250, 279, 46), (251, 279, 46), (348, 242, 17), (348, 243, 17), (348, 244, 17), (348, 245, 17), (348, 246, 17), (348, 247, 17), (347, 247, 17), (346, 247, 17), (345, 247, 17), (344, 247, 17), (343, 247, 17), (342, 242, 17), (342, 243, 17), (342, 244, 17), (342, 245, 17), (342, 246, 17), (342, 247, 17), (342, 242, 19), (342, 243, 19), (342, 244, 19), (342, 245, 19), (342, 246, 19), (348, 242, 19), (348, 243, 19), (348, 244, 19), (348, 245, 19), (348, 246, 19), (348, 247, 19))
 } 




